generator-127.0.0.1-5003.pkl: 0.31602023583887595
generator-127.0.0.1-5000.pkl: 0.3352661379235537
generator-127.0.0.1-5001.pkl: 0.3487136262375703
