generator-127.0.0.1-5000.pkl: 0.33079590166686496
generator-127.0.0.1-5001.pkl: 0.342910964514236
generator-127.0.0.1-5002.pkl: 0.3262931338188991
