generator-127.0.0.1-5002.pkl: 0.35161924892495816
generator-127.0.0.1-5003.pkl: 0.32283002697448476
generator-127.0.0.1-5000.pkl: 0.3255507241005571
