generator-127.0.0.1-5002.pkl: 0.35716816372711524
generator-127.0.0.1-5001.pkl: 0.3004875139323017
generator-127.0.0.1-5003.pkl: 0.342344322340583
