generator-127.0.0.1-5001.pkl: 0.3207114356123246
generator-127.0.0.1-5000.pkl: 0.33026211223603097
generator-127.0.0.1-5002.pkl: 0.34902645215164446
