generator-127.0.0.1-5003.pkl: 0.30826714274007316
generator-127.0.0.1-5002.pkl: 0.3576949063769156
generator-127.0.0.1-5000.pkl: 0.33403795088301125
