generator-127.0.0.1-5003.pkl: 0.3645525113982334
generator-127.0.0.1-5002.pkl: 0.30914137993124097
generator-127.0.0.1-5001.pkl: 0.3263061086705258
