generator-127.0.0.1-5000.pkl: 0.31486878255413236
generator-127.0.0.1-5001.pkl: 0.3443498657206091
generator-127.0.0.1-5002.pkl: 0.34078135172525853
