generator-127.0.0.1-5002.pkl: 0.3499427858276056
generator-127.0.0.1-5003.pkl: 0.34480942081388516
generator-127.0.0.1-5001.pkl: 0.30524779335850916
