generator-127.0.0.1-5003.pkl: 0.35052917692834923
generator-127.0.0.1-5001.pkl: 0.31682459132373697
generator-127.0.0.1-5002.pkl: 0.3326462317479138
