generator-127.0.0.1-5001.pkl: 0.36651048353839516
generator-127.0.0.1-5000.pkl: 0.33478343614354117
generator-127.0.0.1-5003.pkl: 0.29870608031806356
