generator-127.0.0.1-5001.pkl: 0.3208059434704496
generator-127.0.0.1-5003.pkl: 0.3369254255979927
generator-127.0.0.1-5000.pkl: 0.34226863093155774
