generator-127.0.0.1-5000.pkl: 0.33117574654228454
generator-127.0.0.1-5001.pkl: 0.32462951493721937
generator-127.0.0.1-5003.pkl: 0.3441947385204962
