generator-127.0.0.1-5002.pkl: 0.3344286809369091
generator-127.0.0.1-5001.pkl: 0.3307887105592641
generator-127.0.0.1-5000.pkl: 0.33478260850382674
