generator-127.0.0.1-5002.pkl: 0.33023265689725745
generator-127.0.0.1-5003.pkl: 0.3357488381209792
generator-127.0.0.1-5000.pkl: 0.3340185049817634
