generator-127.0.0.1-5000.pkl: 0.33796145182543585
generator-127.0.0.1-5003.pkl: 0.3313350223995257
generator-127.0.0.1-5002.pkl: 0.33070352577503836
